CLOSE OF THE YEAR ENDING JUNE 30, 1888-Continued.
BONDS.
Amount
per mile
of line.
52, 377
16, 007
16, 000
8, 673
10, 376
45, 691
4,918
11, 616
16, 130
6,377
14, 444
Dollars. Per cent.
3, 242
9.79
5, 612
9
4, 929
10, 006
9,912
17,857
8, 148
Propor-
tion to
total
railway
capital.
100x Col. 7
Col. 16
75. 23
53.30
48.69
46.00
49. 42
46.57
78.95
44.17
43.65
99.91
35.86
26.37
59.00
50.00
44.74
49.02
29.99
10
Cols. 13-14+15
Dollars.
Am't
Amount
per
outstand-
ing.
4, 685
182, 222
283, 093
543, 733
17,860
1,886, 090
11
20, 283
273,310
OTHER FORMS OF INDEBTEDNESS.
total
railway
mile of capital. Car trust
line.
183
1,320
9, 030)
6, 041
269
3,024
12
3,381
1,469)
51, 647
833
177
6
21, 000
778
134, 678
3, 438
101, 711, 1, 153
30, 500 5,083
Propor-
tion to
9,792 1,462
100x Col. 10
Col. 16
1.28
3.16
12.86
3.97
3.99
.09
1.93
13
Dolls. Per cent. Dollars. Dollars. Dollars. Dollars.
.56
100,00
100.00
8.68
1, 365
94, 326
283, 093
23, 290, 500, 181
847, 685
182, 222
283, 093
6, 265, 943
91, 000
149, 500
500, 000
1, 396, 010
59, 680, 423
95, 000
157, 783
6, 873, 310
56.73
5.42
16.90
7.75
11,343, 4, 201 15.47
Designation.
Bills,
audited
acc'is,
wages,
and traf-
fic bal.
ances
payable.
obliga-
tions.
14
55, 659
21,000
12, 800
951, 989
158, 329
50, 501
105
134, 678
101, 711,
30, 500
6, 104
15
11, 343
3,320
87, 896
Rentals
Total rail- Amount
of line.
and
interest way capital. per mile
accrued,
and
miscel-
laneous.
20, 262
5, 060
934, 101
20, 288
59, 322
16
1, 146
72
SUMMARY.
3, 688
17
Cols. 2+7+10 C. 3+8+11
1, 292, 047
197, 867
1,087, 700
237, 403
1,873, 761
180, 500
169, 500
300, 000
126, 292
510, 000
73, 343
Dollars.
33, 113 1439
1,320 1440
9,030 1441
69, 621 1442
30, 033 1443
32, 857 1444
18, 854 1445
20,993 1446
95, 981 1448
6,229 1460
26, 297 1461
36,954 1462
1461
21,800 1465
6,383 1466
40, 285 1468
6, 061 1469
21, 254 1470
30, 083 1471
8, 408 1479
20, 000 1480
21,900 1481
36, 428 1482
27, 164 1483
CLOSE
OF
THE
YEAR
ENDING
JUNE
30
,
1888
-
Continued
.
BONDS
.
Amount
per
mile
of
line
.
52
,
377
16
,
007
16
,
000
8
,
673
10
,
376
45
,
691
4,918
11
,
616
16
,
130
6,377
14
,
444
Dollars
.
Per
cent
.
3
,
242
9.79
5
,
612
9
4
,
929
10
,
006
9,912
17,857
8
,
148
Propor
tion
to
total
railway
capital
.
100x
Col.
7
Col.
16
75.
23
53.30
48.69
46.00
49.
42
46.57
78.95
44.17
43.65
99.91
35.86
26.37
59.00
50.00
44.74
49.02
29.99
10
Cols
.
13-14
+
15
Dollars
.
Am't
Amount
per
outstand
ing
.
4
,
685
182
,
222
283
,
093
543
,
733
17,860
1,886
,
090
11
20
,
283
273,310
OTHER
FORMS
OF
INDEBTEDNESS
.
total
railway
mile
of
capital
.
Car
trust
line
.
183
1,320
9
,
030
)
6
,
041
269
3,024
12
3,381
1,469
)
51
,
647
833
177
6
21
,
000
778
134
,
678
3
,
438
101
,
711
,
1
,
153
30
,
500
5,083
Propor
tion
to
9,792
1,462
100x
Col.
10
Col.
16
1.28
3.16
12.86
3.97
3.99
.09
1.93
13
Dolls
.
Per
cent
.
Dollars
.
Dollars
.
Dollars
.
Dollars
.
.56
100,00
100.00
8.68
1
,
365
94
,
326
283
,
093
23
,
290
,
500
,
181
847
,
685
182
,
222
283
,
093
6
,
265
,
943
91
,
000
149
,
500
500
,
000
1
,
396
,
010
59
,
680
,
423
95
,
000
157
,
783
6
,
873
,
310
56.73
5.42
16.90
7.75
11,343
,
4
,
201
15.47
Designation
.
Bills
,
audited
acc'is
,
wages
,
and
traf
fic
bal
.
ances
payable
.
obliga
tions
.
14
55
,
659
21,000
12
,
800
951
,
989
158
,
329
50
,
501
105
134
,
678
101
,
711
,
30
,
500
6
,
104
15
11
,
343
3,320
87
,
896
Rentals
Total
rail-
Amount
of
line
.
and
interest
way
capital
.
per
mile
accrued
,
and
miscel
laneous
.
20
,
262
5
,
060
934
,
101
20
,
288
59
,
322
16
1
,
146
72
SUMMARY
.
3
,
688
17
Cols
.
2
+
7
+
10
C.
3
+
8
+
11
1
,
292
,
047
197
,
867
1,087
,
700
237
,
403
1,873
,
761
180
,
500
169
,
500
300
,
000
126
,
292
510
,
000
73
,
343
Dollars
.
33
,
113
1439
1,320
1440
9,030
1441
69
,
621
1442
30
,
033
1443
32
,
857
1444
18
,
854
1445
20,993
1446
95
,
981
1448
6,229
1460
26
,
297
1461
36,954
1462
1461
21,800
1465
6,383
1466
40
,
285
1468
6
,
061
1469
21
,
254
1470
30
,
083
1471
8
,
408
1479
20
,
000
1480
21,900
1481
36
,
428
1482
27
,
164
1483
