CLOSE
OF
THE
YEAR
ENDING
JUNE
30,
1888-Continued.
S
9
10
11
12
13
14
15
16
17
BONDS.
OTHER
FORMS
OF
INDEBTEDNESS
SUMMARY.
Designation.
Propor-
Propor-
tion
to
tion
to
Bills,
total
Am't
total
Rentals
Amount
Amount
audited
railway
railway
and
Total
rail-
Amount
outstand-
per
per
mile
Car
trust
acc'ts,
capital.
mile
of
capital.
interest
waycapital.
per
mile
of
line.
ing.
line.
obliga
wages,
and
traf
accrued,
of
line.
tions.
and
fic
bal.
100 X
Col.
7
100 X Col.
10
miscel-
Cols.13-11-15
ances
Col.
16
Col.
16
laneous.
Cols.
2+7+10
C.
3+8+11
payable.
Dollars.
Per
cent.
Dollars.
Dolls
Per
cent.
Dollars.
Dollars.
Dollars.
Dollars.
Dollars.
3,242
9.79
4,
, 685
183
56
1,
365
3,
320
847,685
33,
113
1439
182,222
1,320
100.
00
94,
326
87,896
182,
222
1,
320
1440
283,093
9,030
100.
00
283,
093
283,
093
.030
1441
52,
377
75.23
543,733
6,041
8.
08
23,290
500,
181
20,262
6,
265,
943
69,621
1442
16,
007
53.
30
91,
000
30,
033
1443
16,
000
48.
69
149,
500
32,
857
1444
8,
673
46.00
500,
000
18,
854
1445
10,
376
49.
42
17,
860
269
1.28
12,
800
5,
060
1,
396,
010
20,
993
1446
45,
691
46.
57
1,
886,
090
3,024
3.16
951,
989
934,
101
59,
680,
423
95,
981
1448
4,918
78.
95
95,000
6,
229
1460
11,
616
44.
17
20,
283
381
12.86
20,283
157,
783
26,
297
1461
16,
130
43.
65
273,
310
1,
469
3.97
55,659
158,
329
59,
322
6,
873,
310
36,
954
1462
1461
51,
647
833
3.99
50,501
1,
146
1,292,047
21,
800
1465
6,
,377
99.91
177
6
.09
105
72
197,867
6,
383
1466
14,
444
35.
86
21,
000
778
1.93
21,000
1,087,700
40,
285
1468
134,
678
3,438
56.73
134,
678
237,403
6,
061
1469
5,
612
26.37
101,
711
1,
153
5.42
101,
711
1,
873,
761
21,
254
1470
30,500
5,
083
16.90
30,
500
180,
500
30,
083
1471
4,
929
59.00
169,
500
8,
408
1479
10,000
50.
00
300,
000
20,000
1480
9,912
44.
74
9,792
1,
462
7.75
6,
104
3,
688
126,
292
21,
900
1481
17,
857
49.
02
510,
000
36,428
1482
8,
148
29.
99
11,343
4,
201
15.47
11,
343
73,
343
27,164
1483
